1111111111111111111111111111111111111111111111111111111111111111111111111111111111111111111111111111111111111111111111111111111
2222222222222222222222222222222222222222222222222222222222222222222222222222222222222222222222222222222222222222222222222222222
1111111111111111111111111111111111111111111111111111111111111111111111111111111111111111111111111111111111111111111111111111111
4444444444444444444444444444444444444444444444444444444444444444444444444444444444444444444444444444444444444444444444444444444
1111111111111111111111111111111111111111111111111111111111111111111111111111111111111111111111111111111111111111111111111111111
6666666666666666666666666666666666666666666666666666666666666666666666666666666666666666666666666666666666666666666666666666666
1111111111111111111111111111111111111111111111111111111111111111111111111111111111111111111111111111111111111111111111111111111
8888888888888888888888888888888888888888888888888888888888888888888888888888888888888888888888888888888888888888888888888888888
1111111111111111111111111111111111111111111111111111111111111111111111111111111111111111111111111111111111111111111111111111111
1111111111111111111111111111111111111111111111111111111111111111111111111111111111111111111111111111111111111111111111111111111
1111111111111111111111111111111111111111111111111111111111111111111111111111111111111111111111111111111111111111111111111111111
LAST-LAST-LAST-LAST-LAST-LAST-LAST-LAST-LAST-LAST-LAST-LAST-LAST-LAST-LAST-LAST-LAST-LAST-LAST-LAST-LAST-LAST-LAST-LAST-LAST-LAST.
